keep_inv = [2, 4, 7, 8,
            9, 10, 11, 12, 13,
            14, 15, 16, 17, 18,
            19, 20, 22, 23,
            24, 25, 27, 28, 30,
            31, 32, 33, 34, 35,
            36, 38, 40, 41, 42,
            43, 50, 54, 55, 53,
            57, 58, 60, 62, 68,
            82, 83, 85, 92, 94,
            96, 97, 98, 99, 104,
            107, 109, 113, 115, 119,
            130, 154, 170, 205, 258,
            299, 617, 618, 811]

keep = [93, 187, 209, 222, 403,
        409, 420, 436, 439, 455,
        458, 463, 544, 554, 597,
        599, 620, 631, 656, 707,
        747, 755, 757, 766, 801,
        805, 816, 825, 854, 885,
        887, 907, 936, 955, 957]